1 2 3 4 5 6 7 8 9 10 11 12 13 14 15 16 17 18 19 20 21 22 23 24 25 26 27 28 29 30 31 32 33 34 35 36 37 38 39 40 41 42 43 44 45 46 47 48 49 50 51 52 53 54 55 56 57 58 59 60 61 62 63 64 65 66 67 68 69 70 71 72 73 74 75 76 77 78 79 80 81 0
82 83 84 85 86 87 88 89 90 91 92 93 94 95 96 97 98 99 100 101 102 103 104 105 106 107 108 109 110 111 112 113 114 115 116 117 118 119 120 121 122 123 124 125 126 127 128 129 130 131 132 133 134 135 136 137 138 139 140 141 142 143 144 145 146 147 148 149 150 151 152 153 154 155 156 157 158 159 160 161 162 0
163 164 165 166 167 168 169 170 171 172 173 174 175 176 177 178 179 180 181 182 183 184 185 186 187 188 189 190 191 192 193 194 195 196 197 198 199 200 201 202 203 204 205 206 207 208 209 210 211 212 213 214 215 216 217 218 219 220 221 222 223 224 225 226 227 228 229 230 231 232 0
233 234 235 236 237 238 239 240 241 242 243 244 245 246 247 248 249 250 251 252 253 254 255 256 257 258 259 260 261 262 263 264 265 266 267 268 269 270 271 272 273 274 275 276 277 278 279 280 281 282 283 284 285 286 287 288 289 290 291 292 293 294 295 296 297 298 299 300 301 302 303 304 305 306 307 308 309 310 311 312 0
-313 -314 0
-313 -315 0
-313 -316 0
-314 -315 0
-314 -316 0
-315 -316 0
-317 -318 0
-317 -319 0
-317 -320 0
-318 -319 0
-318 -320 0
-319 -320 0
-321 -322 0
-321 -323 0
-321 -324 0
-322 -323 0
-322 -324 0
-323 -324 0
-325 -326 0
-325 -327 0
-325 -328 0
-326 -327 0
-326 -328 0
-327 -328 0
-329 -330 0
-329 -331 0
-329 -332 0
-330 -331 0
-330 -332 0
-331 -332 0
-333 -334 0
-333 -335 0
-333 -336 0
-334 -335 0
-334 -336 0
-335 -336 0
-337 -338 0
-337 -339 0
-337 -340 0
-338 -339 0
-338 -340 0
-339 -340 0
-341 -342 0
-341 -343 0
-341 -344 0
-342 -343 0
-342 -344 0
-343 -344 0
-345 -346 0
-345 -347 0
-345 -348 0
-346 -347 0
-346 -348 0
-347 -348 0
-349 -350 0
-349 -351 0
-349 -352 0
-350 -351 0
-350 -352 0
-351 -352 0
-353 -354 0
-353 -355 0
-353 -356 0
-354 -355 0
-354 -356 0
-355 -356 0
-357 -358 0
-357 -359 0
-357 -360 0
-358 -359 0
-358 -360 0
-359 -360 0
-361 -362 0
-361 -363 0
-361 -364 0
-362 -363 0
-362 -364 0
-363 -364 0
-365 -366 0
-365 -367 0
-365 -368 0
-366 -367 0
-366 -368 0
-367 -368 0
-369 -370 0
-369 -371 0
-369 -372 0
-370 -371 0
-370 -372 0
-371 -372 0
-373 -374 0
-373 -375 0
-373 -376 0
-374 -375 0
-374 -376 0
-375 -376 0
-377 -378 0
-377 -379 0
-377 -380 0
-378 -379 0
-378 -380 0
-379 -380 0
-381 -382 0
-381 -383 0
-381 -384 0
-382 -383 0
-382 -384 0
-383 -384 0
-385 -386 0
-385 -387 0
-385 -388 0
-386 -387 0
-386 -388 0
-387 -388 0
-389 -390 0
-389 -391 0
-389 -392 0
-390 -391 0
-390 -392 0
-391 -392 0
-393 -394 0
-393 -395 0
-393 -396 0
-394 -395 0
-394 -396 0
-395 -396 0
-397 -398 0
-397 -399 0
-397 -400 0
-398 -399 0
-398 -400 0
-399 -400 0
-401 -402 0
-401 -403 0
-401 -404 0
-402 -403 0
-402 -404 0
-403 -404 0
-405 -406 0
-405 -407 0
-405 -408 0
-406 -407 0
-406 -408 0
-407 -408 0
-409 -410 0
-409 -411 0
-409 -412 0
-410 -411 0
-410 -412 0
-411 -412 0
-413 -414 0
-413 -415 0
-413 -416 0
-414 -415 0
-414 -416 0
-415 -416 0
-417 -418 0
-417 -419 0
-417 -420 0
-418 -419 0
-418 -420 0
-419 -420 0
-421 -422 0
-421 -423 0
-421 -424 0
-422 -423 0
-422 -424 0
-423 -424 0
-425 -426 0
-425 -427 0
-425 -428 0
-426 -427 0
-426 -428 0
-427 -428 0
-429 -430 0
-429 -431 0
-429 -432 0
-430 -431 0
-430 -432 0
-431 -432 0
-433 -434 0
-433 -435 0
-433 -436 0
-434 -435 0
-434 -436 0
-435 -436 0
-437 -438 0
-437 -439 0
-437 -440 0
-438 -439 0
-438 -440 0
-439 -440 0
-441 -442 0
-441 -443 0
-441 -444 0
-442 -443 0
-442 -444 0
-443 -444 0
-445 -446 0
-445 -447 0
-445 -448 0
-446 -447 0
-446 -448 0
-447 -448 0
-449 -450 0
-449 -451 0
-449 -452 0
-450 -451 0
-450 -452 0
-451 -452 0
-453 -454 0
-453 -455 0
-453 -456 0
-454 -455 0
-454 -456 0
-455 -456 0
-457 -458 0
-457 -459 0
-457 -460 0
-458 -459 0
-458 -460 0
-459 -460 0
-461 -462 0
-461 -463 0
-461 -464 0
-462 -463 0
-462 -464 0
-463 -464 0
-465 -466 0
-465 -467 0
-465 -468 0
-466 -467 0
-466 -468 0
-467 -468 0
-469 -470 0
-469 -471 0
-469 -472 0
-470 -471 0
-470 -472 0
-471 -472 0
-473 -474 0
-473 -475 0
-473 -476 0
-474 -475 0
-474 -476 0
-475 -476 0
-477 -478 0
-477 -479 0
-477 -480 0
-478 -479 0
-478 -480 0
-479 -480 0
-481 -482 0
-481 -483 0
-481 -484 0
-482 -483 0
-482 -484 0
-483 -484 0
-485 -486 0
-485 -487 0
-485 -488 0
-486 -487 0
-486 -488 0
-487 -488 0
-489 -490 0
-489 -491 0
-489 -492 0
-490 -491 0
-490 -492 0
-491 -492 0
-493 -494 0
-493 -495 0
-493 -496 0
-494 -495 0
-494 -496 0
-495 -496 0
-497 -498 0
-497 -499 0
-497 -500 0
-498 -499 0
-498 -500 0
-499 -500 0
-501 -502 0
-501 -503 0
-501 -504 0
-502 -503 0
-502 -504 0
-503 -504 0
-505 -506 0
-505 -507 0
-505 -508 0
-506 -507 0
-506 -508 0
-507 -508 0
-509 -510 0
-509 -511 0
-509 -512 0
-510 -511 0
-510 -512 0
-511 -512 0
-513 -514 0
-513 -515 0
-513 -516 0
-514 -515 0
-514 -516 0
-515 -516 0
-517 -518 0
-517 -519 0
-517 -520 0
-518 -519 0
-518 -520 0
-519 -520 0
-521 -522 0
-521 -523 0
-521 -524 0
-522 -523 0
-522 -524 0
-523 -524 0
-525 -526 0
-525 -527 0
-525 -528 0
-526 -527 0
-526 -528 0
-527 -528 0
-529 -530 0
-529 -531 0
-529 -532 0
-530 -531 0
-530 -532 0
-531 -532 0
-533 -534 0
-533 -535 0
-533 -536 0
-534 -535 0
-534 -536 0
-535 -536 0
-537 -538 0
-537 -539 0
-537 -540 0
-538 -539 0
-538 -540 0
-539 -540 0
-541 -542 0
-541 -543 0
-541 -544 0
-542 -543 0
-542 -544 0
-543 -544 0
-545 -546 0
-545 -547 0
-545 -548 0
-546 -547 0
-546 -548 0
-547 -548 0
-549 -550 0
-549 -551 0
-549 -552 0
-550 -551 0
-550 -552 0
-551 -552 0
-553 -554 0
-553 -555 0
-553 -556 0
-554 -555 0
-554 -556 0
-555 -556 0
-557 -558 0
-557 -559 0
-557 -560 0
-558 -559 0
-558 -560 0
-559 -560 0
-561 -562 0
-561 -563 0
-561 -564 0
-562 -563 0
-562 -564 0
-563 -564 0
-565 -566 0
-565 -567 0
-565 -568 0
-566 -567 0
-566 -568 0
-567 -568 0
-569 -570 0
-569 -571 0
-569 -572 0
-570 -571 0
-570 -572 0
-571 -572 0
-573 -574 0
-573 -575 0
-573 -576 0
-574 -575 0
-574 -576 0
-575 -576 0
-577 -578 0
-577 -579 0
-577 -580 0
-578 -579 0
-578 -580 0
-579 -580 0
-581 -582 0
-581 -583 0
-581 -584 0
-582 -583 0
-582 -584 0
-583 -584 0
-585 -586 0
-585 -587 0
-585 -588 0
-586 -587 0
-586 -588 0
-587 -588 0
-589 -590 0
-589 -591 0
-589 -592 0
-590 -591 0
-590 -592 0
-591 -592 0
-593 -594 0
-593 -595 0
-593 -596 0
-594 -595 0
-594 -596 0
-595 -596 0
-597 -598 0
-597 -599 0
-597 -600 0
-598 -599 0
-598 -600 0
-599 -600 0
-601 -602 0
-601 -603 0
-601 -604 0
-602 -603 0
-602 -604 0
-603 -604 0
-605 -606 0
-605 -607 0
-605 -608 0
-606 -607 0
-606 -608 0
-607 -608 0
-609 -610 0
-609 -611 0
-609 -612 0
-610 -611 0
-610 -612 0
-611 -612 0
-613 -614 0
-613 -615 0
-613 -616 0
-614 -615 0
-614 -616 0
-615 -616 0
-617 -618 0
-617 -619 0
-617 -620 0
-618 -619 0
-618 -620 0
-619 -620 0
-621 -622 0
-621 -623 0
-621 -624 0
-622 -623 0
-622 -624 0
-623 -624 0
-625 -626 0
-625 -627 0
-625 -628 0
-626 -627 0
-626 -628 0
-627 -628 0
-629 -630 0
-629 -631 0
-629 -632 0
-630 -631 0
-630 -632 0
-631 -632 0
-633 -634 0
-633 -635 0
-633 -636 0
-634 -635 0
-634 -636 0
-635 -636 0
-637 -638 0
-637 -639 0
-637 -640 0
-638 -639 0
-638 -640 0
-639 -640 0
-641 -642 0
-641 -643 0
-641 -644 0
-642 -643 0
-642 -644 0
-643 -644 0
-645 -646 0
-645 -647 0
-645 -648 0
-646 -647 0
-646 -648 0
-647 -648 0
-649 -650 0
-649 -651 0
-649 -652 0
-650 -651 0
-650 -652 0
-651 -652 0
-653 -654 0
-653 -655 0
-653 -656 0
-654 -655 0
-654 -656 0
-655 -656 0
-657 -658 0
-657 -659 0
-657 -660 0
-658 -659 0
-658 -660 0
-659 -660 0
-661 -662 0
-661 -663 0
-661 -664 0
-662 -663 0
-662 -664 0
-663 -664 0
-665 -666 0
-665 -667 0
-665 -668 0
-666 -667 0
-666 -668 0
-667 -668 0
-669 -670 0
-669 -671 0
-669 -672 0
-670 -671 0
-670 -672 0
-671 -672 0
-673 -674 0
-673 -675 0
-673 -676 0
-674 -675 0
-674 -676 0
-675 -676 0
-677 -678 0
-677 -679 0
-677 -680 0
-678 -679 0
-678 -680 0
-679 -680 0
-681 -682 0
-681 -683 0
-681 -684 0
-682 -683 0
-682 -684 0
-683 -684 0
-685 -686 0
-685 -687 0
-685 -688 0
-686 -687 0
-686 -688 0
-687 -688 0
-689 -690 0
-689 -691 0
-689 -692 0
-690 -691 0
-690 -692 0
-691 -692 0
-693 -694 0
-693 -695 0
-693 -696 0
-694 -695 0
-694 -696 0
-695 -696 0
-697 -698 0
-697 -699 0
-697 -700 0
-698 -699 0
-698 -700 0
-699 -700 0
-701 -702 0
-701 -703 0
-701 -704 0
-702 -703 0
-702 -704 0
-703 -704 0
-705 -706 0
-705 -707 0
-705 -708 0
-706 -707 0
-706 -708 0
-707 -708 0
-709 -710 0
-709 -711 0
-709 -712 0
-710 -711 0
-710 -712 0
-711 -712 0
-1 313 0
-1 317 0
-1 353 0
-1 357 0
-2 317 0
-2 321 0
-2 357 0
-2 361 0
-3 321 0
-3 325 0
-3 361 0
-3 365 0
-4 325 0
-4 329 0
-4 365 0
-4 369 0
-5 329 0
-5 333 0
-5 369 0
-5 373 0
-6 333 0
-6 337 0
-6 373 0
-6 377 0
-7 337 0
-7 341 0
-7 377 0
-7 381 0
-8 341 0
-8 345 0
-8 381 0
-8 385 0
-9 345 0
-9 349 0
-9 385 0
-9 389 0
-10 353 0
-10 357 0
-10 393 0
-10 397 0
-11 357 0
-11 361 0
-11 397 0
-11 401 0
-12 361 0
-12 365 0
-12 401 0
-12 405 0
-13 365 0
-13 369 0
-13 405 0
-13 409 0
-14 369 0
-14 373 0
-14 409 0
-14 413 0
-15 373 0
-15 377 0
-15 413 0
-15 417 0
-16 377 0
-16 381 0
-16 417 0
-16 421 0
-17 381 0
-17 385 0
-17 421 0
-17 425 0
-18 385 0
-18 389 0
-18 425 0
-18 429 0
-19 393 0
-19 397 0
-19 433 0
-19 437 0
-20 397 0
-20 401 0
-20 437 0
-20 441 0
-21 401 0
-21 405 0
-21 441 0
-21 445 0
-22 405 0
-22 409 0
-22 445 0
-22 449 0
-23 409 0
-23 413 0
-23 449 0
-23 453 0
-24 413 0
-24 417 0
-24 453 0
-24 457 0
-25 417 0
-25 421 0
-25 457 0
-25 461 0
-26 421 0
-26 425 0
-26 461 0
-26 465 0
-27 425 0
-27 429 0
-27 465 0
-27 469 0
-28 433 0
-28 437 0
-28 473 0
-28 477 0
-29 437 0
-29 441 0
-29 477 0
-29 481 0
-30 441 0
-30 445 0
-30 481 0
-30 485 0
-31 445 0
-31 449 0
-31 485 0
-31 489 0
-32 449 0
-32 453 0
-32 489 0
-32 493 0
-33 453 0
-33 457 0
-33 493 0
-33 497 0
-34 457 0
-34 461 0
-34 497 0
-34 501 0
-35 461 0
-35 465 0
-35 501 0
-35 505 0
-36 465 0
-36 469 0
-36 505 0
-36 509 0
-37 473 0
-37 477 0
-37 513 0
-37 517 0
-38 477 0
-38 481 0
-38 517 0
-38 521 0
-39 481 0
-39 485 0
-39 521 0
-39 525 0
-40 485 0
-40 489 0
-40 525 0
-40 529 0
-41 489 0
-41 493 0
-41 529 0
-41 533 0
-42 493 0
-42 497 0
-42 533 0
-42 537 0
-43 497 0
-43 501 0
-43 537 0
-43 541 0
-44 501 0
-44 505 0
-44 541 0
-44 545 0
-45 505 0
-45 509 0
-45 545 0
-45 549 0
-46 513 0
-46 517 0
-46 553 0
-46 557 0
-47 517 0
-47 521 0
-47 557 0
-47 561 0
-48 521 0
-48 525 0
-48 561 0
-48 565 0
-49 525 0
-49 529 0
-49 565 0
-49 569 0
-50 529 0
-50 533 0
-50 569 0
-50 573 0
-51 533 0
-51 537 0
-51 573 0
-51 577 0
-52 537 0
-52 541 0
-52 577 0
-52 581 0
-53 541 0
-53 545 0
-53 581 0
-53 585 0
-54 545 0
-54 549 0
-54 585 0
-54 589 0
-55 553 0
-55 557 0
-55 593 0
-55 597 0
-56 557 0
-56 561 0
-56 597 0
-56 601 0
-57 561 0
-57 565 0
-57 601 0
-57 605 0
-58 565 0
-58 569 0
-58 605 0
-58 609 0
-59 569 0
-59 573 0
-59 609 0
-59 613 0
-60 573 0
-60 577 0
-60 613 0
-60 617 0
-61 577 0
-61 581 0
-61 617 0
-61 621 0
-62 581 0
-62 585 0
-62 621 0
-62 625 0
-63 585 0
-63 589 0
-63 625 0
-63 629 0
-64 593 0
-64 597 0
-64 633 0
-64 637 0
-65 597 0
-65 601 0
-65 637 0
-65 641 0
-66 601 0
-66 605 0
-66 641 0
-66 645 0
-67 605 0
-67 609 0
-67 645 0
-67 649 0
-68 609 0
-68 613 0
-68 649 0
-68 653 0
-69 613 0
-69 617 0
-69 653 0
-69 657 0
-70 617 0
-70 621 0
-70 657 0
-70 661 0
-71 621 0
-71 625 0
-71 661 0
-71 665 0
-72 625 0
-72 629 0
-72 665 0
-72 669 0
-73 633 0
-73 637 0
-73 673 0
-73 677 0
-74 637 0
-74 641 0
-74 677 0
-74 681 0
-75 641 0
-75 645 0
-75 681 0
-75 685 0
-76 645 0
-76 649 0
-76 685 0
-76 689 0
-77 649 0
-77 653 0
-77 689 0
-77 693 0
-78 653 0
-78 657 0
-78 693 0
-78 697 0
-79 657 0
-79 661 0
-79 697 0
-79 701 0
-80 661 0
-80 665 0
-80 701 0
-80 705 0
-81 665 0
-81 669 0
-81 705 0
-81 709 0
-82 314 0
-82 318 0
-82 354 0
-82 358 0
-83 318 0
-83 322 0
-83 358 0
-83 362 0
-84 322 0
-84 326 0
-84 362 0
-84 366 0
-85 326 0
-85 330 0
-85 366 0
-85 370 0
-86 330 0
-86 334 0
-86 370 0
-86 374 0
-87 334 0
-87 338 0
-87 374 0
-87 378 0
-88 338 0
-88 342 0
-88 378 0
-88 382 0
-89 342 0
-89 346 0
-89 382 0
-89 386 0
-90 346 0
-90 350 0
-90 386 0
-90 390 0
-91 354 0
-91 358 0
-91 394 0
-91 398 0
-92 358 0
-92 362 0
-92 398 0
-92 402 0
-93 362 0
-93 366 0
-93 402 0
-93 406 0
-94 366 0
-94 370 0
-94 406 0
-94 410 0
-95 370 0
-95 374 0
-95 410 0
-95 414 0
-96 374 0
-96 378 0
-96 414 0
-96 418 0
-97 378 0
-97 382 0
-97 418 0
-97 422 0
-98 382 0
-98 386 0
-98 422 0
-98 426 0
-99 386 0
-99 390 0
-99 426 0
-99 430 0
-100 394 0
-100 398 0
-100 434 0
-100 438 0
-101 398 0
-101 402 0
-101 438 0
-101 442 0
-102 402 0
-102 406 0
-102 442 0
-102 446 0
-103 406 0
-103 410 0
-103 446 0
-103 450 0
-104 410 0
-104 414 0
-104 450 0
-104 454 0
-105 414 0
-105 418 0
-105 454 0
-105 458 0
-106 418 0
-106 422 0
-106 458 0
-106 462 0
-107 422 0
-107 426 0
-107 462 0
-107 466 0
-108 426 0
-108 430 0
-108 466 0
-108 470 0
-109 434 0
-109 438 0
-109 474 0
-109 478 0
-110 438 0
-110 442 0
-110 478 0
-110 482 0
-111 442 0
-111 446 0
-111 482 0
-111 486 0
-112 446 0
-112 450 0
-112 486 0
-112 490 0
-113 450 0
-113 454 0
-113 490 0
-113 494 0
-114 454 0
-114 458 0
-114 494 0
-114 498 0
-115 458 0
-115 462 0
-115 498 0
-115 502 0
-116 462 0
-116 466 0
-116 502 0
-116 506 0
-117 466 0
-117 470 0
-117 506 0
-117 510 0
-118 474 0
-118 478 0
-118 514 0
-118 518 0
-119 478 0
-119 482 0
-119 518 0
-119 522 0
-120 482 0
-120 486 0
-120 522 0
-120 526 0
-121 486 0
-121 490 0
-121 526 0
-121 530 0
-122 490 0
-122 494 0
-122 530 0
-122 534 0
-123 494 0
-123 498 0
-123 534 0
-123 538 0
-124 498 0
-124 502 0
-124 538 0
-124 542 0
-125 502 0
-125 506 0
-125 542 0
-125 546 0
-126 506 0
-126 510 0
-126 546 0
-126 550 0
-127 514 0
-127 518 0
-127 554 0
-127 558 0
-128 518 0
-128 522 0
-128 558 0
-128 562 0
-129 522 0
-129 526 0
-129 562 0
-129 566 0
-130 526 0
-130 530 0
-130 566 0
-130 570 0
-131 530 0
-131 534 0
-131 570 0
-131 574 0
-132 534 0
-132 538 0
-132 574 0
-132 578 0
-133 538 0
-133 542 0
-133 578 0
-133 582 0
-134 542 0
-134 546 0
-134 582 0
-134 586 0
-135 546 0
-135 550 0
-135 586 0
-135 590 0
-136 554 0
-136 558 0
-136 594 0
-136 598 0
-137 558 0
-137 562 0
-137 598 0
-137 602 0
-138 562 0
-138 566 0
-138 602 0
-138 606 0
-139 566 0
-139 570 0
-139 606 0
-139 610 0
-140 570 0
-140 574 0
-140 610 0
-140 614 0
-141 574 0
-141 578 0
-141 614 0
-141 618 0
-142 578 0
-142 582 0
-142 618 0
-142 622 0
-143 582 0
-143 586 0
-143 622 0
-143 626 0
-144 586 0
-144 590 0
-144 626 0
-144 630 0
-145 594 0
-145 598 0
-145 634 0
-145 638 0
-146 598 0
-146 602 0
-146 638 0
-146 642 0
-147 602 0
-147 606 0
-147 642 0
-147 646 0
-148 606 0
-148 610 0
-148 646 0
-148 650 0
-149 610 0
-149 614 0
-149 650 0
-149 654 0
-150 614 0
-150 618 0
-150 654 0
-150 658 0
-151 618 0
-151 622 0
-151 658 0
-151 662 0
-152 622 0
-152 626 0
-152 662 0
-152 666 0
-153 626 0
-153 630 0
-153 666 0
-153 670 0
-154 634 0
-154 638 0
-154 674 0
-154 678 0
-155 638 0
-155 642 0
-155 678 0
-155 682 0
-156 642 0
-156 646 0
-156 682 0
-156 686 0
-157 646 0
-157 650 0
-157 686 0
-157 690 0
-158 650 0
-158 654 0
-158 690 0
-158 694 0
-159 654 0
-159 658 0
-159 694 0
-159 698 0
-160 658 0
-160 662 0
-160 698 0
-160 702 0
-161 662 0
-161 666 0
-161 702 0
-161 706 0
-162 666 0
-162 670 0
-162 706 0
-162 710 0
-163 315 0
-163 319 0
-163 323 0
-163 327 0
-164 319 0
-164 323 0
-164 327 0
-164 331 0
-165 323 0
-165 327 0
-165 331 0
-165 335 0
-166 327 0
-166 331 0
-166 335 0
-166 339 0
-167 331 0
-167 335 0
-167 339 0
-167 343 0
-168 335 0
-168 339 0
-168 343 0
-168 347 0
-169 339 0
-169 343 0
-169 347 0
-169 351 0
-170 355 0
-170 359 0
-170 363 0
-170 367 0
-171 359 0
-171 363 0
-171 367 0
-171 371 0
-172 363 0
-172 367 0
-172 371 0
-172 375 0
-173 367 0
-173 371 0
-173 375 0
-173 379 0
-174 371 0
-174 375 0
-174 379 0
-174 383 0
-175 375 0
-175 379 0
-175 383 0
-175 387 0
-176 379 0
-176 383 0
-176 387 0
-176 391 0
-177 395 0
-177 399 0
-177 403 0
-177 407 0
-178 399 0
-178 403 0
-178 407 0
-178 411 0
-179 403 0
-179 407 0
-179 411 0
-179 415 0
-180 407 0
-180 411 0
-180 415 0
-180 419 0
-181 411 0
-181 415 0
-181 419 0
-181 423 0
-182 415 0
-182 419 0
-182 423 0
-182 427 0
-183 419 0
-183 423 0
-183 427 0
-183 431 0
-184 435 0
-184 439 0
-184 443 0
-184 447 0
-185 439 0
-185 443 0
-185 447 0
-185 451 0
-186 443 0
-186 447 0
-186 451 0
-186 455 0
-187 447 0
-187 451 0
-187 455 0
-187 459 0
-188 451 0
-188 455 0
-188 459 0
-188 463 0
-189 455 0
-189 459 0
-189 463 0
-189 467 0
-190 459 0
-190 463 0
-190 467 0
-190 471 0
-191 475 0
-191 479 0
-191 483 0
-191 487 0
-192 479 0
-192 483 0
-192 487 0
-192 491 0
-193 483 0
-193 487 0
-193 491 0
-193 495 0
-194 487 0
-194 491 0
-194 495 0
-194 499 0
-195 491 0
-195 495 0
-195 499 0
-195 503 0
-196 495 0
-196 499 0
-196 503 0
-196 507 0
-197 499 0
-197 503 0
-197 507 0
-197 511 0
-198 515 0
-198 519 0
-198 523 0
-198 527 0
-199 519 0
-199 523 0
-199 527 0
-199 531 0
-200 523 0
-200 527 0
-200 531 0
-200 535 0
-201 527 0
-201 531 0
-201 535 0
-201 539 0
-202 531 0
-202 535 0
-202 539 0
-202 543 0
-203 535 0
-203 539 0
-203 543 0
-203 547 0
-204 539 0
-204 543 0
-204 547 0
-204 551 0
-205 555 0
-205 559 0
-205 563 0
-205 567 0
-206 559 0
-206 563 0
-206 567 0
-206 571 0
-207 563 0
-207 567 0
-207 571 0
-207 575 0
-208 567 0
-208 571 0
-208 575 0
-208 579 0
-209 571 0
-209 575 0
-209 579 0
-209 583 0
-210 575 0
-210 579 0
-210 583 0
-210 587 0
-211 579 0
-211 583 0
-211 587 0
-211 591 0
-212 595 0
-212 599 0
-212 603 0
-212 607 0
-213 599 0
-213 603 0
-213 607 0
-213 611 0
-214 603 0
-214 607 0
-214 611 0
-214 615 0
-215 607 0
-215 611 0
-215 615 0
-215 619 0
-216 611 0
-216 615 0
-216 619 0
-216 623 0
-217 615 0
-217 619 0
-217 623 0
-217 627 0
-218 619 0
-218 623 0
-218 627 0
-218 631 0
-219 635 0
-219 639 0
-219 643 0
-219 647 0
-220 639 0
-220 643 0
-220 647 0
-220 651 0
-221 643 0
-221 647 0
-221 651 0
-221 655 0
-222 647 0
-222 651 0
-222 655 0
-222 659 0
-223 651 0
-223 655 0
-223 659 0
-223 663 0
-224 655 0
-224 659 0
-224 663 0
-224 667 0
-225 659 0
-225 663 0
-225 667 0
-225 671 0
-226 675 0
-226 679 0
-226 683 0
-226 687 0
-227 679 0
-227 683 0
-227 687 0
-227 691 0
-228 683 0
-228 687 0
-228 691 0
-228 695 0
-229 687 0
-229 691 0
-229 695 0
-229 699 0
-230 691 0
-230 695 0
-230 699 0
-230 703 0
-231 695 0
-231 699 0
-231 703 0
-231 707 0
-232 699 0
-232 703 0
-232 707 0
-232 711 0
-233 316 0
-233 356 0
-233 396 0
-234 320 0
-234 360 0
-234 400 0
-235 324 0
-235 364 0
-235 404 0
-236 328 0
-236 368 0
-236 408 0
-237 332 0
-237 372 0
-237 412 0
-238 336 0
-238 376 0
-238 416 0
-239 340 0
-239 380 0
-239 420 0
-240 344 0
-240 384 0
-240 424 0
-241 348 0
-241 388 0
-241 428 0
-242 352 0
-242 392 0
-242 432 0
-243 356 0
-243 396 0
-243 436 0
-244 360 0
-244 400 0
-244 440 0
-245 364 0
-245 404 0
-245 444 0
-246 368 0
-246 408 0
-246 448 0
-247 372 0
-247 412 0
-247 452 0
-248 376 0
-248 416 0
-248 456 0
-249 380 0
-249 420 0
-249 460 0
-250 384 0
-250 424 0
-250 464 0
-251 388 0
-251 428 0
-251 468 0
-252 392 0
-252 432 0
-252 472 0
-253 396 0
-253 436 0
-253 476 0
-254 400 0
-254 440 0
-254 480 0
-255 404 0
-255 444 0
-255 484 0
-256 408 0
-256 448 0
-256 488 0
-257 412 0
-257 452 0
-257 492 0
-258 416 0
-258 456 0
-258 496 0
-259 420 0
-259 460 0
-259 500 0
-260 424 0
-260 464 0
-260 504 0
-261 428 0
-261 468 0
-261 508 0
-262 432 0
-262 472 0
-262 512 0
-263 436 0
-263 476 0
-263 516 0
-264 440 0
-264 480 0
-264 520 0
-265 444 0
-265 484 0
-265 524 0
-266 448 0
-266 488 0
-266 528 0
-267 452 0
-267 492 0
-267 532 0
-268 456 0
-268 496 0
-268 536 0
-269 460 0
-269 500 0
-269 540 0
-270 464 0
-270 504 0
-270 544 0
-271 468 0
-271 508 0
-271 548 0
-272 472 0
-272 512 0
-272 552 0
-273 476 0
-273 516 0
-273 556 0
-274 480 0
-274 520 0
-274 560 0
-275 484 0
-275 524 0
-275 564 0
-276 488 0
-276 528 0
-276 568 0
-277 492 0
-277 532 0
-277 572 0
-278 496 0
-278 536 0
-278 576 0
-279 500 0
-279 540 0
-279 580 0
-280 504 0
-280 544 0
-280 584 0
-281 508 0
-281 548 0
-281 588 0
-282 512 0
-282 552 0
-282 592 0
-283 516 0
-283 556 0
-283 596 0
-284 520 0
-284 560 0
-284 600 0
-285 524 0
-285 564 0
-285 604 0
-286 528 0
-286 568 0
-286 608 0
-287 532 0
-287 572 0
-287 612 0
-288 536 0
-288 576 0
-288 616 0
-289 540 0
-289 580 0
-289 620 0
-290 544 0
-290 584 0
-290 624 0
-291 548 0
-291 588 0
-291 628 0
-292 552 0
-292 592 0
-292 632 0
-293 556 0
-293 596 0
-293 636 0
-294 560 0
-294 600 0
-294 640 0
-295 564 0
-295 604 0
-295 644 0
-296 568 0
-296 608 0
-296 648 0
-297 572 0
-297 612 0
-297 652 0
-298 576 0
-298 616 0
-298 656 0
-299 580 0
-299 620 0
-299 660 0
-300 584 0
-300 624 0
-300 664 0
-301 588 0
-301 628 0
-301 668 0
-302 592 0
-302 632 0
-302 672 0
-303 596 0
-303 636 0
-303 676 0
-304 600 0
-304 640 0
-304 680 0
-305 604 0
-305 644 0
-305 684 0
-306 608 0
-306 648 0
-306 688 0
-307 612 0
-307 652 0
-307 692 0
-308 616 0
-308 656 0
-308 696 0
-309 620 0
-309 660 0
-309 700 0
-310 624 0
-310 664 0
-310 704 0
-311 628 0
-311 668 0
-311 708 0
-312 632 0
-312 672 0
-312 712 0
